1|154|43|230|613|2009/10/09
2|238|313|244|554|2017/06/05
3|376|370|99|892|2017/09/30
4|798|507|24|441|2015/10/08
5|304|151|441|941|2009/06/30
6|205|592|986|728|2008/05/18
7|191|289|500|1200|2009/06/10
8|953|786|752|822|2011/08/15
9|146|617|953|1172|2008/05/05
10|451|607|202|666|2014/01/05
11|942|440|884|1142|2015/12/29
12|245|775|320|1335|2013/05/02
13|202|832|938|445|2013/09/09
14|569|316|911|648|2011/08/04
15|950|273|428|1007|2011/11/30
16|21|885|948|479|2016/09/16
17|737|655|875|593|2012/05/13
18|765|435|875|1161|2014/01/04
19|388|523|694|1175|2012/07/29
20|472|641|545|952|2015/04/29
21|738|567|76|582|2016/01/05
22|497|380|46|605|2012/01/05
23|165|673|147|724|2011/08/23
24|296|97|253|1231|2013/03/12
25|954|48|98|528|2015/03/08
26|386|793|773|1223|2014/03/20
27|775|70|486|575|2011/10/16
28|868|236|321|1039|2018/04/04
29|836|570|310|651|2009/05/19
30|91|241|629|515|2013/03/30
31|138|995|615|802|2012/12/24
32|385|856|558|371|2010/10/06
33|127|978|750|533|2013/04/30
34|486|755|452|891|2016/01/05
35|997|840|435|941|2013/01/24
36|638|173|613|859|2012/11/08
37|827|909|331|1114|2012/11/19
38|873|878|414|1095|2013/11/06
39|65|240|536|1186|2015/08/14
40|767|389|763|499|2017/03/26
41|865|822|17|567|2013/04/24
42|931|643|442|922|2012/06/10
43|706|934|339|840|2011/08/20
44|895|857|510|603|2014/06/22
45|285|760|240|467|2009/06/02
46|199|956|703|364|2011/06/26
47|630|126|356|1380|2016/10/25
48|39|93|846|1309|2012/08/17
49|841|957|482|1317|2015/02/13
50|24|201|990|1092|2017/06/14
51|994|0|689|407|2015/07/16
52|198|714|100|1306|2013/09/06
53|194|502|890|646|2016/06/22
54|425|435|552|472|2011/10/15
55|167|843|796|1088|2012/01/19
56|133|83|441|1006|2010/08/27
57|579|700|696|763|2014/12/04
58|715|858|225|738|2017/01/11
59|184|516|845|609|2010/09/08
60|924|481|127|637|2009/01/30
61|389|501|374|522|2010/04/13
62|962|716|472|893|2017/12/24
63|234|165|863|865|2012/06/27
64|246|444|172|460|2014/04/29
65|535|343|591|1354|2015/10/13
66|267|968|157|1016|2017/09/02
67|246|769|311|812|2010/01/08
68|901|502|374|1314|2014/09/15
69|898|775|760|588|2009/04/16
70|343|778|10|1197|2011/12/12
71|539|304|118|661|2017/01/20
72|890|635|626|1290|2016/11/29
73|901|486|952|739|2009/05/22
74|238|520|706|901|2016/12/29
75|302|662|256|442|2010/07/17
76|31|266|642|885|2013/07/30
77|723|376|973|1397|2009/12/19
78|811|150|265|1007|2009/04/24
79|961|325|573|1094|2015/12/05
80|259|735|97|990|2012/07/18
81|127|192|711|686|2009/07/06
82|183|400|774|911|2015/01/05
83|959|836|831|1024|2008/01/05
84|629|429|734|824|2015/10/04
85|504|679|870|676|2009/11/02
86|215|487|536|749|2013/08/24
87|390|546|975|1239|2010/04/27
88|952|309|860|1096|2012/09/29
89|94|455|929|618|2012/10/16
90|880|949|170|1323|2009/06/24
91|479|527|165|1360|2013/11/04
92|359|228|417|734|2017/07/22
93|684|937|847|581|2009/09/11
94|711|321|225|1314|2008/12/29
95|376|454|331|364|2018/06/26
96|495|143|84|714|2013/02/15
97|939|208|554|659|2008/07/06
98|871|650|480|1358|2017/09/04
99|458|855|834|923|2011/03/17
100|425|921|553|614|2010/06/02
101|374|339|985|861|2009/08/11
102|625|544|343|1406|2008/12/13
103|484|170|893|961|2015/08/28
104|507|511|994|1388|2008/04/15
105|19|920|537|1139|2015/06/08
106|709|59|413|870|2017/09/05
107|710|708|75|883|2010/03/25
108|432|536|783|484|2017/12/05
109|638|407|805|943|2017/06/10
110|681|768|945|612|2009/07/14
111|543|531|762|824|2017/12/13
112|32|343|219|1202|2014/07/31
113|582|158|628|1387|2009/08/31
114|610|981|27|783|2011/07/22
115|109|51|198|1017|2010/05/12
116|220|449|992|1303|2018/05/24
117|892|647|76|1300|2018/05/08
118|817|716|229|438|2016/04/10
119|555|225|940|813|2015/08/18
120|148|868|567|922|2010/06/24
121|91|84|185|1238|2017/01/04
122|857|14|414|1370|2012/06/09
123|797|64|459|1129|2013/05/15
124|911|3|397|485|2013/11/29
125|279|188|432|719|2010/12/29
126|458|676|340|501|2017/01/24
127|718|743|332|1301|2016/05/26
128|350|192|790|1094|2016/03/21
129|635|219|771|732|2013/07/19
130|627|708|605|429|2011/07/02
131|197|216|814|1343|2008/11/04
132|595|914|467|536|2015/12/25
133|809|772|452|1375|2010/06/29
134|254|158|101|977|2018/07/14
135|605|556|197|1119|2009/03/22
136|356|623|876|1180|2015/07/05
137|744|125|475|692|2014/10/25
138|706|807|684|983|2009/05/02
139|714|241|818|817|2015/05/07
140|49|140|233|1113|2018/03/18
141|502|42|524|1253|2009/08/26
142|896|344|1|708|2011/09/21
143|504|188|532|861|2008/06/03
144|948|461|881|627|2014/07/03
145|634|460|482|1331|2013/04/26
146|55|495|811|432|2015/04/23
147|608|41|541|1231|2010/07/11
148|467|900|986|455|2015/04/13
149|800|336|364|828|2017/04/05
150|244|53|712|1244|2013/11/10
151|167|481|54|1223|2014/06/21
152|522|501|279|1199|2017/07/12
153|585|829|500|1157|2017/09/01
154|433|19|440|603|2012/02/27
155|789|452|646|1039|2016/11/24
156|665|427|226|1095|2012/12/21
157|854|497|646|945|2015/09/09
158|506|432|284|1006|2017/11/08
159|966|742|837|1346|2010/06/06
160|841|19|601|1127|2010/06/16
161|902|965|223|482|2018/07/22
162|545|578|403|1199|2018/08/24
163|566|975|852|850|2016/09/25
164|476|871|420|1040|2011/03/16
165|923|881|236|1035|2015/10/31
166|436|900|297|1286|2008/09/23
167|126|388|95|1005|2018/04/17
168|349|51|386|458|2014/07/17
169|264|907|383|1139|2013/10/06
170|20|636|333|962|2009/03/19
171|627|790|759|458|2010/12/17
172|12|773|828|489|2016/01/16
173|850|112|924|1143|2016/09/07
174|750|927|89|1356|2013/08/04
175|342|798|857|1252|2017/06/08
176|174|992|576|466|2008/11/05
177|388|590|918|1003|2008/05/09
178|340|634|987|1352|2017/06/15
179|460|208|916|438|2008/04/18
180|725|2|278|766|2017/10/28
181|943|298|806|1138|2013/05/22
182|209|184|829|910|2012/08/04
183|501|566|746|951|2010/05/19
184|296|217|151|617|2012/02/17
185|905|72|125|1051|2015/02/06
186|894|784|869|431|2015/10/09
187|804|391|732|613|2013/07/06
188|929|282|335|489|2017/10/22
189|471|784|734|1312|2008/02/07
190|748|838|221|794|2016/11/25
191|622|322|716|921|2012/07/06
192|833|908|485|475|2010/08/15
193|418|73|656|364|2016/03/13
194|608|209|853|1212|2015/09/13
195|339|4|748|646|2009/06/23
196|994|210|888|1091|2012/10/24
197|480|741|438|438|2018/08/23
198|816|92|880|835|2009/07/02
199|141|955|833|1296|2017/06/26
200|696|737|279|697|2014/01/08
201|296|965|598|543|2015/08/20
202|626|44|893|1089|2010/12/16
203|111|140|868|736|2017/06/23
204|569|991|971|1346|2015/03/21
205|14|194|612|1075|2013/10/16
206|721|801|199|400|2018/03/17
207|382|428|15|512|2010/09/25
208|139|839|58|656|2018/01/31
209|264|705|532|491|2015/02/16
210|705|766|366|485|2014/07/28
211|658|613|456|641|2012/03/15
212|963|887|907|606|2010/06/16
213|372|809|134|821|2010/06/25
214|149|683|533|458|2015/09/19
215|731|888|417|617|2010/04/08
216|885|336|997|995|2018/07/25
217|101|742|416|411|2013/09/17
218|348|726|250|998|2009/05/13
219|991|89|465|390|2016/03/14
220|454|672|371|1391|2011/09/25
221|542|305|710|524|2009/06/09
222|966|278|724|1132|2009/11/09
223|773|358|916|1340|2016/03/07
224|363|820|855|1094|2008/01/04
225|317|767|619|1138|2016/09/15
226|936|965|418|555|2011/05/07
227|999|578|267|1079|2008/03/29
228|111|673|683|1201|2014/11/16
229|845|420|849|615|2016/08/01
230|633|868|685|389|2012/09/03
231|595|942|870|1002|2017/05/20
232|229|6|767|665|2009/08/12
233|543|458|256|1158|2009/08/21
234|705|501|169|646|2012/06/17
235|833|601|42|1098|2017/11/20
236|218|138|52|669|2013/07/12
237|905|252|610|1234|2013/08/08
238|98|716|631|815|2011/02/15
239|88|601|441|522|2010/10/29
240|49|82|519|936|2008/03/25
241|955|88|854|888|2012/05/18
242|624|780|977|997|2011/11/19
243|742|560|388|716|2011/03/15
244|710|354|652|1349|2015/04/20
245|86|697|999|870|2015/08/05
246|166|416|147|410|2008/03/07
247|771|910|418|1071|2008/10/31
248|391|49|429|1370|2018/02/15
249|293|127|647|410|2008/01/05
250|174|295|78|799|2016/11/06
251|205|522|936|1125|2008/08/25
252|925|313|241|1288|2016/11/14
253|311|543|509|1364|2012/04/02
254|235|202|782|807|2011/07/20
255|384|630|633|753|2013/02/11
256|998|403|135|1307|2017/02/22
257|449|382|981|639|2011/06/05
258|196|807|586|1164|2016/02/25
259|408|800|886|921|2010/05/19
260|368|342|65|657|2011/09/29
261|485|501|22|533|2017/12/24
262|885|641|154|705|2015/06/01
263|912|939|205|1405|2011/01/28
264|462|373|773|1081|2011/03/03
265|119|627|351|742|2017/04/09
266|392|963|246|1406|2011/07/07
267|754|63|410|446|2014/12/28
268|262|553|90|867|2016/05/16
269|172|231|200|612|2010/02/21
270|255|810|872|659|2014/01/01
271|440|841|889|1249|2008/01/10
272|659|469|455|495|2015/03/13
273|487|324|693|569|2013/06/14
274|487|281|184|386|2012/08/30
275|232|816|560|853|2018/01/21
276|694|495|208|580|2017/11/18
277|693|886|644|689|2014/07/24
278|479|808|44|1035|2015/07/22
279|485|843|734|575|2013/01/05
280|519|103|745|1240|2016/09/19
281|681|159|954|523|2014/09/03
282|239|215|872|718|2010/07/28
283|564|525|832|1302|2012/08/13
284|754|581|730|440|2009/10/12
285|697|45|469|990|2014/12/08
286|224|118|761|838|2016/02/27
287|542|71|283|715|2014/04/18
288|894|303|390|1384|2008/08/07
289|621|327|828|1182|2008/10/05
290|836|799|113|924|2017/07/17
291|99|848|948|1144|2012/01/19
292|509|992|541|683|2012/08/22
293|659|902|921|1132|2016/08/04
294|74|249|988|872|2010/12/28
295|188|377|118|827|2016/07/24
296|817|642|88|570|2016/09/26
297|412|774|53|858|2012/12/07
298|432|889|990|378|2012/06/20
299|78|44|620|1268|2011/12/20
300|909|931|88|1058|2013/03/04
301|350|458|188|1015|2018/07/06
302|147|836|972|1173|2017/03/04
303|685|57|966|434|2014/09/01
304|105|484|321|812|2010/08/06
305|283|610|994|840|2014/02/01
306|439|954|164|449|2008/12/22
307|533|356|319|1056|2013/12/01
308|815|867|963|1384|2015/03/04
309|629|57|155|445|2010/09/06
310|366|61|889|743|2016/01/17
311|544|418|367|1324|2012/04/01
312|512|199|274|363|2008/01/09
313|54|735|406|555|2015/05/19
314|455|380|300|552|2008/11/19
315|81|789|225|863|2011/02/07
316|542|216|327|1176|2012/10/04
317|380|828|673|368|2008/03/27
318|442|809|89|1116|2012/06/06
319|820|375|469|1016|2018/07/13
320|182|750|653|578|2018/04/21
321|987|631|587|1086|2010/02/23
322|254|526|681|1355|2015/07/01
323|973|579|225|1096|2009/12/29
324|111|741|447|471|2017/06/11
325|273|565|649|623|2012/08/25
326|884|9|385|452|2013/11/03
327|284|462|558|1049|2017/10/10
328|455|165|283|998|2009/09/27
329|43|125|273|1261|2016/06/18
330|915|97|906|684|2013/03/28
331|507|112|484|754|2008/06/06
332|269|490|538|1310|2016/05/12
333|82|400|671|1031|2008/10/16
334|1|976|259|1405|2013/03/11
335|384|107|165|521|2015/06/03
336|383|661|772|1368|2008/05/05
337|776|791|233|1123|2018/07/21
338|975|566|399|1027|2010/09/25
339|83|571|481|950|2012/10/20
340|208|653|774|741|2012/07/17
341|275|822|886|780|2009/06/08
342|670|712|928|435|2015/02/21
343|873|80|887|786|2017/04/16
344|813|623|97|579|2008/02/12
345|13|169|530|868|2017/01/04
346|178|449|185|1406|2009/05/17
347|81|103|197|850|2014/01/09
348|22|147|217|1193|2016/03/09
349|35|525|779|624|2018/08/04
350|914|495|945|603|2017/06/29
351|37|956|518|695|2012/09/15
352|700|602|627|1275|2014/12/05
353|886|844|794|1330|2009/07/29
354|737|119|448|1390|2017/08/21
355|205|581|476|623|2016/01/21
356|361|61|309|413|2016/10/30
357|331|389|601|1379|2014/06/16
358|872|475|721|1370|2017/05/05
359|181|553|866|560|2008/07/27
360|702|709|548|694|2011/07/30
361|715|750|827|819|2011/02/04
362|644|554|82|1066|2011/02/12
363|409|613|501|1015|2014/12/25
364|755|85|861|1170|2014/11/06
365|36|322|688|947|2017/10/14
366|450|933|878|1192|2013/04/10
367|411|640|111|1222|2012/01/22
368|443|84|455|414|2008/12/16
369|400|484|197|959|2009/11/01
370|317|154|676|658|2015/03/06
371|858|319|333|480|2013/05/06
372|510|787|505|873|2010/01/07
373|39|527|590|1224|2011/01/19
374|118|841|855|867|2012/10/20
375|253|437|489|1315|2016/01/20
376|285|260|970|753|2011/02/04
377|357|992|195|795|2012/02/01
378|380|947|994|626|2016/12/11
379|55|663|818|1378|2014/02/16
380|752|78|945|497|2017/07/07
381|68|650|271|1365|2018/02/05
382|667|677|354|848|2010/06/07
383|335|931|679|1237|2014/07/08
384|915|215|802|1282|2015/07/29
385|467|993|361|1137|2017/10/31
386|125|622|685|432|2010/04/27
387|639|662|401|863|2013/02/20
388|696|350|621|1344|2010/02/12
389|293|351|885|730|2017/06/29
390|355|856|606|1173|2010/09/18
391|947|714|681|1246|2008/01/05
392|831|51|544|1410|2017/09/18
393|578|261|628|374|2013/04/02
394|118|406|568|1410|2009/06/10
395|830|965|184|1336|2013/04/28
396|154|435|122|371|2014/06/14
397|655|549|711|925|2008/05/15
398|963|627|988|644|2009/08/09
399|961|443|30|1403|2016/06/18
400|705|574|750|1307|2014/01/11
401|19|251|998|376|2016/03/25
402|927|696|24|378|2009/03/18
403|777|506|874|953|2009/11/13
404|204|37|711|630|2012/10/10
405|948|32|657|1140|2013/06/30
406|489|426|948|946|2018/06/29
407|45|850|49|516|2018/08/09
408|155|557|58|1218|2012/06/22
409|239|638|46|1239|2013/05/12
410|781|145|202|1183|2012/07/15
411|302|934|16|767|2012/03/19
412|711|656|355|834|2016/10/29
413|516|520|171|1000|2016/07/24
414|610|525|578|722|2014/08/02
415|741|145|169|403|2014/12/22
416|864|617|379|357|2013/07/24
417|452|727|752|973|2010/11/09
418|285|273|261|1292|2014/07/25
419|959|134|561|779|2012/04/11
420|645|993|507|554|2009/11/12
421|59|985|861|1237|2016/09/22
422|165|769|128|891|2012/09/19
423|396|170|608|582|2016/07/16
424|558|717|348|1240|2014/01/25
425|312|989|286|1319|2013/07/27
426|117|89|499|1133|2009/07/31
427|831|584|708|1279|2012/03/02
428|142|915|911|662|2012/11/04
429|985|730|11|1146|2017/12/02
430|537|24|494|796|2011/06/25
431|32|325|409|527|2009/07/02
432|264|226|1000|534|2015/06/27
433|563|174|295|987|2017/08/02
434|702|960|955|1139|2010/06/28
435|311|561|80|1383|2009/08/27
436|275|584|683|405|2009/01/27
437|378|434|46|736|2009/06/19
438|608|592|808|975|2013/05/29
439|423|596|52|388|2012/04/15
440|163|720|756|731|2015/02/09
441|829|212|919|1248|2012/05/27
442|671|784|931|523|2017/07/02
443|526|933|670|360|2013/12/12
444|628|583|44|698|2017/11/24
445|322|682|781|549|2017/01/19
446|333|27|787|939|2015/10/12
447|180|121|586|545|2014/01/07
448|287|528|415|410|2017/05/17
449|499|902|844|902|2017/03/04
450|628|181|76|884|2008/03/25
451|940|299|449|980|2008/09/14
452|436|426|353|1131|2010/01/30
453|73|729|885|506|2008/05/05
454|560|459|485|531|2008/01/03
455|756|205|746|1354|2018/05/12
456|169|318|67|1314|2012/06/14
457|368|710|511|1302|2016/03/07
458|538|728|978|1052|2014/09/02
459|378|414|828|864|2008/01/01
460|545|250|714|1152|2015/11/24
461|788|660|441|600|2010/02/07
462|509|677|150|1101|2013/01/31
463|505|586|934|1359|2014/04/25
464|134|865|588|825|2009/12/08
465|276|468|203|385|2010/11/30
466|404|664|942|993|2015/11/11
467|667|144|928|925|2017/03/09
468|274|500|775|1183|2008/05/23
469|379|429|176|1155|2011/08/26
470|894|140|626|1286|2017/11/05
471|641|278|670|591|2012/12/04
472|325|655|468|1316|2016/01/12
473|991|438|578|674|2015/09/25
474|378|422|532|884|2011/11/12
475|313|18|119|1122|2011/11/17
476|843|566|258|1207|2012/02/23
477|371|646|658|394|2018/08/27
478|626|592|374|1000|2012/09/02
479|478|886|771|1211|2012/07/07
480|160|710|987|554|2009/07/27
481|317|124|901|780|2010/03/14
482|710|891|238|937|2009/05/24
483|596|768|567|729|2015/05/22
484|913|515|259|1389|2009/03/09
485|430|204|402|714|2011/10/16
486|124|476|861|434|2008/01/21
487|586|535|317|847|2013/11/10
488|151|858|130|515|2009/07/13
489|880|610|103|1332|2010/05/19
490|692|533|474|1118|2015/07/10
491|650|658|468|652|2014/11/19
492|449|965|640|1244|2010/10/15
493|534|266|408|707|2017/01/26
494|399|171|7|1363|2012/12/08
495|424|273|847|593|2011/01/24
496|913|384|574|1125|2011/12/22
497|611|555|795|1375|2014/04/16
498|45|306|432|1066|2013/05/05
499|296|961|606|967|2018/04/21
500|511|924|337|1368|2018/08/30
501|491|788|913|1303|2014/05/11
502|628|963|464|740|2018/04/25
503|683|496|915|1217|2013/03/19
504|422|62|760|526|2010/03/02
505|893|598|217|1400|2008/05/14
506|785|620|876|540|2013/08/11
507|809|347|205|696|2008/05/19
508|101|871|48|866|2008/03/13
509|1000|977|275|1152|2009/10/03
510|52|874|41|983|2015/03/10
511|618|190|14|954|2014/08/29
512|148|964|386|1364|2018/06/25
513|523|860|658|602|2012/10/03
514|306|36|231|1073|2011/09/29
515|41|946|887|832|2010/08/07
516|663|155|987|1167|2017/03/10
517|195|448|678|597|2009/07/22
518|541|196|643|1141|2012/06/25
519|935|920|916|355|2009/10/15
520|45|918|446|693|2011/04/09
521|58|254|821|1258|2013/11/06
522|283|264|125|1066|2008/04/03
523|134|315|735|1108|2013/03/24
524|480|127|169|1172|2014/12/13
525|141|331|368|1029|2016/09/11
526|795|665|671|1100|2013/07/05
527|972|250|607|482|2011/08/04
528|642|681|766|932|2012/12/06
529|898|94|53|804|2010/08/07
530|641|996|785|950|2013/06/21
531|251|396|425|696|2017/05/04
532|608|976|134|1198|2010/08/06
533|455|597|931|1077|2016/02/04
534|689|796|456|373|2012/10/05
535|980|174|867|1297|2013/07/22
536|379|458|523|1312|2017/10/14
537|3|11|909|991|2014/09/24
538|894|412|98|1119|2009/03/15
539|257|966|786|1248|2015/11/09
540|923|100|504|787|2017/03/05
541|640|394|109|818|2014/10/19
542|633|621|284|813|2017/12/07
543|856|737|635|389|2012/11/25
544|289|179|838|1396|2017/05/09
545|901|815|362|797|2014/05/02
546|431|896|155|536|2016/07/11
547|432|57|691|588|2016/08/07
548|530|380|611|739|2016/08/22
549|269|143|142|568|2016/02/12
550|823|861|674|385|2015/04/10
551|798|239|152|707|2013/10/24
552|614|29|115|1305|2011/04/13
553|952|66|643|700|2013/04/22
554|539|813|187|939|2011/12/14
555|231|240|868|500|2012/12/08
556|436|550|15|485|2010/02/05
557|20|635|553|947|2011/12/27
558|460|618|979|762|2017/12/26
559|416|189|617|1103|2014/07/27
560|548|115|635|1273|2009/03/27
561|654|8|475|1147|2011/05/27
562|156|255|938|1047|2014/02/19
563|137|519|280|1302|2009/08/10
564|34|831|47|543|2014/12/13
565|817|41|588|1292|2016/03/08
566|854|846|560|585|2014/06/04
567|837|544|758|1117|2014/08/21
568|246|670|667|487|2017/08/16
569|470|29|334|1252|2012/06/01
570|387|853|848|950|2018/08/04
571|909|458|32|997|2008/10/24
572|941|555|342|855|2017/10/12
573|547|519|287|614|2012/12/28
574|205|987|656|955|2009/06/05
575|872|125|509|1354|2016/02/18
576|632|303|39|1024|2011/04/28
577|43|965|63|855|2015/12/22
578|861|390|960|1100|2008/06/08
579|330|733|936|1031|2018/03/15
580|748|471|881|1069|2018/01/09
581|885|269|383|1011|2010/01/08
582|946|636|773|684|2012/06/19
583|313|123|252|585|2013/09/05
584|676|0|406|981|2018/06/02
585|221|853|898|432|2013/09/28
586|794|860|606|396|2008/03/29
587|16|681|874|550|2015/09/07
588|35|701|507|856|2018/06/19
589|739|622|527|1245|2016/11/27
590|141|450|757|1113|2008/09/26
591|637|340|493|870|2010/09/23
592|140|899|396|762|2018/08/05
593|356|391|214|709|2017/06/14
594|764|576|82|1379|2017/08/10
595|511|359|966|398|2017/10/21
596|328|675|872|683|2015/05/11
597|342|892|281|369|2011/06/08
598|523|479|750|838|2013/06/01
599|132|982|280|1288|2013/06/20
600|555|447|849|1151|2014/03/01
601|252|815|494|394|2015/06/04
602|281|471|947|461|2012/04/21
603|655|593|828|351|2017/01/22
604|146|629|115|1029|2015/10/23
605|883|894|556|1249|2015/02/11
606|35|784|211|1106|2012/10/01
607|539|66|52|977|2015/05/07
608|65|953|103|979|2016/06/07
609|603|34|595|1288|2010/07/26
610|81|564|523|360|2013/08/30
611|233|130|265|376|2009/10/22
612|679|686|334|984|2012/08/29
613|362|577|859|542|2016/03/20
614|540|550|940|1013|2012/10/18
615|725|833|878|978|2014/05/26
616|77|352|32|908|2014/12/06
617|881|656|986|571|2011/11/20
618|831|172|49|1373|2011/06/20
619|581|427|152|756|2015/06/27
620|165|47|464|1040|2009/07/04
621|959|214|122|1113|2012/08/20
622|634|23|961|870|2014/01/27
623|842|444|791|377|2012/08/30
624|405|989|329|638|2011/02/25
625|537|584|656|500|2010/12/04
626|126|258|505|1353|2008/05/07
627|453|224|454|592|2011/08/30
628|814|714|178|1372|2017/01/12
629|971|722|918|614|2009/01/22
630|671|250|142|526|2010/02/28
631|21|84|916|901|2015/12/04
632|265|713|789|586|2014/03/19
633|465|381|928|561|2010/07/31
634|680|117|822|804|2008/03/23
635|228|635|507|1281|2012/04/16
636|488|746|609|406|2014/06/07
637|586|728|573|715|2009/10/19
638|210|804|138|438|2012/01/12
639|85|49|505|1342|2008/03/30
640|886|863|183|554|2015/03/21
641|840|995|528|996|2014/12/12
642|222|392|331|1257|2011/07/23
643|622|74|26|762|2014/06/30
644|331|194|68|1386|2017/07/31
645|364|976|106|1168|2012/06/01
646|621|705|725|921|2017/07/12
647|518|214|426|1135|2010/07/06
648|150|621|673|632|2010/02/16
649|397|606|860|1222|2014/03/25
650|191|508|737|414|2015/11/09
651|707|499|325|1058|2013/02/07
652|111|472|924|688|2016/06/15
653|92|74|704|477|2016/04/10
654|468|800|690|762|2016/05/21
655|19|225|117|478|2016/11/05
656|363|938|783|916|2010/02/03
657|910|630|533|564|2015/09/19
658|807|56|103|945|2012/05/16
659|468|560|749|1286|2015/03/17
660|344|878|923|593|2017/03/09
661|389|632|593|618|2014/08/25
662|200|107|651|995|2018/01/31
663|133|906|892|714|2015/01/31
664|259|780|58|709|2018/04/08
665|427|564|500|537|2016/03/28
666|520|546|781|936|2017/10/16
667|735|227|718|1380|2015/04/04
668|772|622|541|501|2011/01/22
669|207|595|721|803|2012/10/05
670|496|404|322|1139|2011/03/10
671|873|714|392|1111|2016/04/01
672|546|635|594|449|2013/02/17
673|610|642|24|802|2017/08/08
674|255|995|597|1336|2009/05/13
675|505|752|186|657|2010/04/14
676|75|34|645|1252|2011/10/18
677|349|506|125|370|2018/05/28
678|223|613|705|514|2010/12/25
679|435|373|620|671|2018/07/22
680|868|927|441|821|2015/04/25
681|91|964|118|1385|2015/10/12
682|215|796|987|368|2012/07/14
683|927|602|950|400|2009/04/10
684|570|798|926|1314|2008/11/10
685|408|18|180|1337|2013/04/12
686|39|140|962|1105|2018/06/19
687|322|501|367|555|2011/06/10
688|526|528|71|821|2009/01/21
689|74|826|949|736|2017/09/21
690|360|368|111|1185|2018/07/04
691|148|381|319|815|2012/11/14
692|102|976|81|1214|2018/01/11
693|275|528|249|489|2011/05/18
694|693|310|704|374|2010/08/09
695|666|974|309|614|2011/09/29
696|256|772|348|355|2009/02/27
697|483|153|268|520|2012/02/22
698|640|275|410|1198|2017/02/21
699|995|444|587|994|2012/03/11
700|207|589|613|1366|2014/07/24
701|86|637|118|749|2017/03/04
702|269|884|907|590|2011/05/15
703|627|634|538|993|2011/05/07
704|44|509|601|989|2009/12/29
705|556|131|512|808|2010/09/27
706|62|691|952|523|2018/01/17
707|628|959|431|656|2010/11/13
708|624|83|882|1228|2010/08/10
709|383|431|19|1269|2014/08/04
710|280|451|294|977|2012/09/24
711|982|183|515|1076|2015/05/14
712|426|727|443|1180|2014/01/24
713|336|420|287|662|2016/05/02
714|964|304|954|1348|2011/06/30
715|22|457|12|1052|2013/04/05
716|915|395|279|820|2008/10/22
717|129|960|596|873|2017/05/26
718|104|98|833|1321|2013/11/16
719|832|223|319|730|2018/08/27
720|436|847|910|1080|2008/02/09
721|141|614|544|473|2011/12/04
722|748|902|428|859|2009/10/10
723|313|798|106|553|2014/08/24
724|523|250|199|1175|2018/05/15
725|465|949|310|840|2014/08/15
726|230|13|542|1175|2016/07/09
727|134|498|580|552|2017/01/20
728|283|202|245|470|2015/07/29
729|85|513|243|735|2010/07/09
730|992|324|503|729|2015/08/28
731|592|306|369|880|2016/11/04
732|934|699|172|354|2017/02/12
733|326|331|212|976|2008/11/08
734|308|319|96|1078|2017/12/12
735|386|757|105|952|2008/03/08
736|195|939|575|396|2015/04/29
737|184|120|129|559|2017/03/01
738|642|783|276|652|2016/01/17
739|351|259|974|431|2015/07/23
740|368|470|176|855|2017/12/23
741|221|40|115|479|2009/02/27
742|298|948|406|1099|2009/01/11
743|569|639|752|1066|2008/05/27
744|412|783|645|648|2009/11/18
745|462|32|498|992|2009/03/19
746|535|226|596|683|2015/05/28
747|747|103|295|897|2012/01/10
748|777|667|141|479|2009/10/02
749|681|962|57|1158|2014/07/23
750|277|908|844|934|2018/01/26
751|545|637|95|678|2018/04/07
752|756|575|769|1400|2016/04/05
753|569|918|289|1266|2015/04/08
754|545|213|102|843|2008/05/12
755|479|300|764|1262|2011/02/13
756|341|742|520|1403|2012/10/16
757|308|28|145|789|2015/07/29
758|259|839|224|692|2009/07/29
759|599|800|619|810|2013/05/09
760|163|454|103|1133|2013/11/16
761|279|148|170|1083|2008/11/11
762|210|365|597|420|2011/12/27
763|894|196|444|1205|2012/09/30
764|493|506|649|745|2012/05/05
765|273|157|436|879|2008/03/28
766|297|808|331|770|2013/05/06
767|6|900|212|1277|2018/04/26
768|613|154|182|389|2016/02/28
769|268|478|176|920|2015/09/03
770|980|62|247|1113|2012/08/06
771|236|624|986|959|2013/07/04
772|376|861|885|964|2009/08/30
773|898|470|10|709|2008/01/15
774|161|137|77|601|2012/11/14
775|181|493|342|595|2010/02/05
776|646|280|303|611|2012/09/21
777|202|664|217|726|2008/05/29
778|457|990|772|1323|2010/02/10
779|694|477|516|939|2011/05/30
780|998|68|546|702|2018/01/16
781|988|80|322|1053|2010/06/30
782|998|524|504|404|2010/08/30
783|339|594|929|741|2013/12/16
784|842|587|699|763|2014/06/02
785|92|748|190|524|2018/08/24
786|586|845|438|537|2014/06/08
787|823|591|41|938|2017/03/18
788|360|302|516|664|2015/03/07
789|280|10|791|1173|2014/08/25
790|29|0|801|410|2017/07/03
791|66|787|767|1362|2010/08/11
792|347|710|555|770|2013/07/02
793|831|702|988|1021|2017/09/08
794|884|27|400|965|2011/12/02
795|830|575|522|386|2017/10/20
796|779|310|4|1196|2018/02/23
797|636|555|122|555|2012/03/09
798|858|140|200|791|2011/11/08
799|61|116|160|398|2014/04/12
800|60|455|248|651|2008/04/05
801|912|595|112|965|2008/05/07
802|722|905|321|606|2014/08/18
803|769|403|623|408|2008/08/11
804|256|211|740|813|2013/04/19
805|618|330|661|1382|2011/03/09
806|708|713|370|1274|2013/05/16
807|611|398|789|645|2012/11/03
808|144|898|231|877|2011/12/17
809|505|971|197|537|2011/04/18
810|855|207|322|455|2017/03/31
811|116|222|194|736|2015/09/22
812|304|801|444|756|2016/11/05
813|752|702|717|1211|2013/08/06
814|306|713|302|807|2013/05/17
815|249|290|807|643|2012/06/06
816|632|312|238|1229|2014/12/10
817|949|357|227|600|2015/04/08
818|352|54|158|1174|2014/05/04
819|890|917|391|708|2013/08/20
820|121|804|656|1276|2008/12/08
821|672|533|696|1277|2012/02/25
822|277|415|743|392|2011/09/25
823|992|869|87|420|2011/12/05
824|9|685|838|465|2010/12/05
825|443|512|49|983|2016/10/07
826|528|478|929|1395|2008/02/23
827|134|176|388|1301|2009/06/23
828|765|134|314|846|2016/06/27
829|771|284|474|615|2015/09/22
830|877|61|644|761|2011/09/15
831|494|429|895|695|2016/08/30
832|348|638|771|602|2017/01/30
833|914|721|223|700|2018/06/20
834|394|585|332|1360|2013/08/02
835|352|76|983|1396|2016/04/12
836|375|164|933|480|2011/01/22
837|639|974|42|949|2017/05/31
838|851|82|90|908|2015/09/07
839|397|881|586|747|2011/12/01
840|914|493|596|912|2018/03/16
841|123|153|794|517|2015/09/12
842|189|763|610|791|2015/05/02
843|93|906|284|408|2010/06/05
844|649|42|19|504|2017/05/13
845|999|248|887|1245|2014/11/19
846|138|337|979|1045|2010/09/26
847|696|728|984|903|2008/11/24
848|293|769|665|479|2013/03/06
849|212|604|569|983|2015/11/07
850|616|787|782|976|2012/01/22
851|480|863|678|1275|2015/04/09
852|865|889|963|606|2012/12/05
853|95|201|181|406|2012/11/22
854|378|679|452|1202|2015/04/06
855|556|763|147|1073|2012/07/02
856|55|601|693|1136|2012/12/29
857|242|620|192|857|2009/01/09
858|222|196|106|604|2012/12/29
859|505|289|991|1106|2010/06/05
860|544|951|737|465|2008/12/13
861|864|140|589|1176|2016/11/27
862|489|864|657|1102|2014/01/29
863|273|294|607|1279|2012/02/04
864|186|920|392|943|2012/08/15
865|259|49|983|407|2014/08/05
866|249|177|741|950|2009/02/27
867|725|103|66|353|2011/09/11
868|523|760|443|373|2016/03/13
869|580|561|357|1203|2013/04/14
870|677|476|713|774|2010/09/08
871|128|130|693|430|2008/06/10
872|770|170|175|1082|2008/01/17
873|754|749|329|1059|2017/01/07
874|674|406|64|1040|2010/09/11
875|913|241|812|756|2009/06/08
876|7|368|254|1262|2014/12/17
877|163|875|274|422|2016/06/24
878|746|428|341|922|2009/03/11
879|150|387|431|958|2008/10/27
880|36|768|701|698|2016/03/08
881|827|729|991|578|2014/12/05
882|14|14|916|876|2017/03/09
883|788|357|763|1262|2009/04/19
884|483|377|491|934|2012/06/09
885|760|806|312|1011|2017/07/19
886|876|412|155|408|2009/05/19
887|245|572|346|927|2009/10/04
888|85|847|870|1188|2018/06/13
889|424|703|835|539|2009/10/01
890|926|947|879|526|2010/12/26
891|794|300|510|1316|2009/05/18
892|544|941|839|463|2017/01/15
893|311|144|452|1227|2010/12/01
894|810|696|206|466|2013/03/22
895|407|902|976|1393|2012/02/09
896|908|989|834|807|2016/01/21
897|780|709|969|375|2011/06/11
898|975|836|306|1221|2010/05/18
899|71|932|320|1335|2009/01/01
900|192|704|974|997|2014/02/24
901|545|42|509|427|2008/08/02
902|355|919|810|890|2008/07/18
903|203|564|149|1353|2008/03/28
904|203|118|743|498|2009/04/21
905|725|675|126|446|2009/02/04
906|870|345|706|654|2017/08/27
907|124|101|461|746|2008/07/28
908|579|368|975|393|2014/03/01
909|421|391|232|1216|2014/12/01
910|750|664|268|861|2014/01/06
911|872|243|556|994|2016/04/19
912|713|992|475|975|2017/09/12
913|160|214|254|926|2008/05/17
914|597|650|160|1364|2014/10/02
915|404|290|316|1010|2016/02/09
916|738|77|892|1326|2008/07/17
917|736|689|442|1240|2012/07/18
918|398|320|955|709|2012/12/21
919|953|635|721|1112|2018/08/04
920|134|851|81|712|2011/04/14
921|688|810|282|912|2013/06/27
922|575|36|431|797|2008/08/13
923|4|527|593|993|2013/04/27
924|656|649|92|802|2012/03/21
925|699|162|938|700|2013/10/10
926|141|213|136|1121|2008/10/25
927|990|169|729|422|2011/03/10
928|430|686|982|1285|2012/04/18
929|727|987|369|629|2018/06/17
930|408|341|909|662|2010/08/03
931|874|183|847|1174|2013/01/15
932|1|16|496|1192|2009/06/28
933|738|844|864|439|2009/06/05
934|690|798|552|923|2016/12/13
935|120|789|173|1145|2009/05/05
936|379|95|220|824|2015/12/04
937|362|902|380|1074|2017/08/12
938|24|460|709|904|2009/03/30
939|424|228|386|620|2015/02/04
940|448|389|558|800|2010/01/05
941|163|385|248|1010|2014/09/16
942|668|130|144|397|2018/05/28
943|503|573|674|1222|2010/04/06
944|455|625|157|482|2012/01/24
945|625|150|75|1247|2012/10/11
946|923|287|211|542|2016/01/09
947|543|604|295|1070|2013/03/06
948|605|661|542|897|2012/10/08
949|311|627|46|882|2010/10/16
950|523|113|704|880|2012/01/21
951|778|489|363|1387|2013/03/31
952|288|251|472|1052|2015/01/05
953|569|398|330|902|2018/07/16
954|652|690|658|540|2015/12/05
955|901|424|926|507|2010/06/16
956|846|568|789|1241|2011/05/20
957|701|558|887|873|2010/03/14
958|405|639|398|1076|2010/07/23
959|620|440|359|820|2014/07/16
960|927|858|95|482|2010/06/22
961|944|5|995|971|2012/08/05
962|773|266|187|1365|2010/05/23
963|638|938|980|759|2008/09/04
964|246|513|756|1032|2012/04/03
965|760|482|717|609|2014/01/05
966|362|615|438|650|2012/04/21
967|543|302|986|1242|2013/12/12
968|765|370|625|1160|2015/03/29
969|589|536|265|687|2009/03/17
970|986|657|358|880|2012/12/29
971|620|120|924|579|2011/04/17
972|630|546|487|796|2018/07/13
973|459|643|10|1116|2012/06/01
974|961|438|515|950|2018/03/31
975|431|885|327|1355|2016/01/05
976|166|970|65|1231|2012/09/30
977|686|396|464|581|2015/02/02
978|849|918|218|752|2010/09/30
979|578|906|190|1229|2010/02/23
980|954|674|235|1220|2018/06/22
981|13|52|279|357|2013/07/14
982|193|927|519|728|2014/08/05
983|103|675|353|973|2009/11/17
984|421|894|789|1138|2009/05/17
985|690|428|530|498|2011/12/10
986|882|475|169|676|2012/02/04
987|637|678|410|445|2015/02/20
988|647|803|982|565|2012/09/12
989|726|882|685|1323|2015/01/26
990|676|649|850|1231|2015/02/12
991|60|217|645|1144|2013/12/24
992|697|179|153|1063|2014/07/19
993|975|916|316|501|2008/06/15
994|272|247|985|503|2008/03/16
995|787|311|166|804|2009/06/21
996|434|576|469|586|2017/12/04
997|534|106|922|588|2018/06/14
998|27|679|976|604|2017/01/03
999|920|626|902|497|2009/09/19
1000|145|4|777|1351|2016/08/03
